1 6.7565 12.732 19.336
2 8.6615 12.71 19.96
3 8.876 12.168 20.628
4 8.4766 12.327 19.369
5 8.5138 12.551 20.268
6 7.9738 11.543 18.955
7 8.1376 11.057 18.805
8 8.3227 11.738 18.79
9 9.7952 10.82 19.477
10 9.508 10.819 19.564
11 8.7748 11.067 20.491
12 7.9978 11.851 19.242
13 9.2563 9.8754 18.267
14 9.0616 11.504 19.142
15 9.5533 10.891 18.516
16 10.607 10.611 18.527
17 10.875 10.759 18.651
18 11.026 11.237 19.132
19 9.8937 10.101 17.683
20 9.1914 9.9583 17.027
21 9.3828 10.096 16.248
22 10.641 10.271 15.411
23 11.806 10.681 15.768
24 11.875 12.307 15.934
25 10.988 12.198 17.407
26 10.176 12.448 16.427
27 9.8868 11.048 16.982
28 11.09 11.52 14.412
29 10.339 11.782 15.681
30 11.129 11.77 14.772
31 11.032 12.21 14.374
32 10.96 13.313 15.613
33 11.381 12.663 14.981
34 9.6022 13.676 14.097
35 10.067 13.15 14.075
36 11.707 12.896 14.335
37 11.859 13.612 13.336
38 11.886 14.343 14.837
39 10.284 14.913 14.724
40 10.203 14.459 14.743
41 10.815 14.319 14.666
42 10.586 13.269 14.375
43 10.847 14.832 13.369
44 11.772 14.731 13.948
45 11.01 15.582 15.104
46 11.35 13.452 15.199
47 11.015 14.789 14.99
48 10.485 13.184 15.256
49 10.459 14.771 13.555
50 10.18 13.702 14.075
51 11.847 14.344 14.78
52 11.867 13.194 15.535
53 11.145 14.339 14.379
54 9.8976 12.879 14.923
55 9.7465 12.056 14.334
56 10.186 13.5 14.676
57 11.196 13.454 14.947
58 10.899 12.203 14.86
59 11.116 12.041 15.154
60 12.185 12.11 14.662
61 12.132 11.747 15.192
62 11.789 11.141 15.934
63 11.288 10.542 13.796
64 12.501 11.283 14.293
65 12.629 11.697 13.268
66 13.345 11.054 13.84
67 11.895 10.2 14.726
68 13.036 10.318 14.506
69 12.643 10.731 15.084
70 12.687 9.9161 13.829
71 12.29 9.9636 12.913
72 13.95 11.323 12.161
73 13.409 11.475 13.304
74 13.256 10.926 13.433
75 13.228 9.8065 14.033
76 12.736 10.392 13.194
77 13.583 11.258 12.233
78 14.78 10.299 12.223
79 15.029 10.244 10.551
80 15.376 11.639 11.591
81 14.357 11.992 11.215
82 14.082 10.765 12.321
83 14.029 10.285 10.762
84 14.755 10.606 9.2904
85 15.095 12.461 9.1986
86 14.022 12.149 10.089
87 14.372 11.858 10.549
88 14.335 12.033 10.4
89 14.779 12.91 9.4117
90 14.453 13.115 9.9682
91 13.802 12.851 8.2339
92 14.152 14.202 8.4471
93 14.364 14.068 7.972
94 14.666 13.561 8.9274
95 15.204 14.813 9.2696
96 14.961 13.461 9.0291
97 13.898 15 8.9393
98 14.664 14.952 8.8596
99 14.678 15.645 7.7285
100 13.79 14.642 7.3547
101 13.922 15.258 8.5896
102 13.287 15.645 9.2894
103 14.459 16.167 9.6797
104 13.059 14.184 9.2446
105 13.974 14.766 7.8855
106 14.328 14.777 7.03
107 14.312 16.543 8.2293
108 13.449 14.972 8.8438
109 12.633 14.701 8.5138
110 13.633 15.535 9.4156
111 13.046 14.945 9.507
112 13.038 14.789 8.8911
113 13.576 15.74 8.6965
114 13.767 14.36 8.1506
115 14.08 14.301 9.6046
116 13.846 15.767 9.0587
117 12.744 14.613 10.545
118 12.403 15.128 9.2364
119 12.475 13.421 8.8841
120 14.238 15.021 8.4482
121 13.638 14.485 8.3918
122 14.408 13.934 10.127
123 13.571 13.018 9.2206
124 13.899 12.924 9.1653
125 13.686 12.191 8.4226
126 14.35 12.061 8.4155
127 14.401 13.36 7.7005
128 13.971 14.15 8.9629
129 15.284 13.698 8.2804
130 13.968 12.131 9.7025
131 14.974 13.457 9.4992
132 14.988 11.651 8.0712
133 14.109 13.235 8.3519
134 15.282 12.481 6.72
135 14.64 13.897 7.8817
136 14.288 13.311 7.9437
137 15.964 13.15 8.6285
138 14.223 12.946 7.498
139 14.739 12.69 6.6295
140 15.472 13.009 6.0317
141 14.488 13.403 6.0901
142 14.997 14.231 5.7917
143 15.915 13.495 5.9747
144 15.196 14.151 5.736
145 14.495 15.128 6.499
146 14.252 14.419 5.131
147 15.114 15.554 5.49
148 14.041 14.542 4.1322
149 14.236 15.305 4.7946
150 15.993 16.715 5.4871
151 15.588 16.719 6.4925
152 14.067 16.994 4.6792
153 13.198 15.669 4.9456
154 13.699 16.268 5.1672
155 14.534 17.417 4.2224
156 15.169 18.362 4.3358
157 14.403 17.642 5.636
158 14.105 18.038 4.9467
159 13.133 18.121 4.7659
160 12.711 18.343 6.3125
161 12.035 18.695 4.2083
162 13.003 18.218 4.0406
163 14.2 19.11 5.1764
164 12.944 19.368 6.6026
165 12.527 18.658 5.2755
166 11.715 18.747 6.3312
167 12.333 18.739 6.8972
168 12.145 17.754 6.7123
169 13.1 18.176 5.3058
170 11.882 18.838 6.035
171 13.103 18.239 7.5778
172 11.903 18.491 7.13
173 12.252 18.839 7.7872
174 10.858 18.303 7.163
175 12.211 17.421 6.7923
176 11.603 17.027 6.8474
177 12.772 18.331 7.6376
178 11.752 18.335 7.7952
179 12.188 17.472 8.7529
180 11.621 18.023 8.6049
181 11.864 16.894 8.2501
182 10.643 16.791 7.8872
183 10.975 17.729 8.8593
184 12.106 16.627 7.4318
185 12.229 16.474 8.5032
186 12.65 17.349 9.9052
187 11.787 16.944 9.9444
188 11.419 16.632 7.8509
189 11.143 16.134 7.4214
190 11.616 17.093 7.9632
191 12.9 15.81 7.2559
192 12.409 16.835 9.208
193 12.311 15.779 9.4737
194 12.366 14.954 8.8186
195 12.003 15.33 8.8175
196 12.769 16.874 7.5084
197 12.494 15.957 7.9914
198 12.63 17.513 7.1775
199 13.033 16.225 8.6622
200 12.44 16.974 8.1146
201 12.525 16.999 9.0441
202 12.531 17.007 8.7196
203 12.265 17.288 8.1584
204 11.525 16.469 7.057
205 13.133 16.965 7.2982
206 12.97 18.145 6.5963
207 12.122 18.069 6.7481
208 10.806 18.286 7.7657
209 11.675 18.92 7.2949
210 11.318 18.108 8.0354
211 11.847 18.723 7.7768
212 10.64 19.931 6.4893
213 11.278 19.221 7.3428
214 11.866 19.883 8.4621
215 11.337 20.311 8.0963
216 11.088 18.859 7.7905
217 9.7918 20.106 6.4895
218 9.4528 20.923 6.3176
219 10.401 19.837 7.8773
220 9.5033 20.533 8.7865
221 10.667 19.992 9.3563
222 8.6254 20.255 9.4393
223 9.3076 20.238 8.3174
224 8.6151 20.7 8.6802
225 8.7274 21.47 8.6168
226 9.9629 21.049 9.161
227 9.3249 21.334 9.551
228 8.7931 20.344 9.8056
229 8.6271 21.096 9.5834
230 7.5273 20.383 9.5943
231 7.1917 21.207 10.314
232 7.9161 21.526 9.4063
233 8.455 20.197 11.38
234 7.7226 21.129 10.945
235 7.3823 21.229 11.751
236 8.4559 20.226 11.235
237 7.0028 19.699 11.998
238 7.1718 19.313 12.341
239 7.3667 18.652 11.735
240 8.5251 19.381 11.605
241 7.2275 19.658 13.473
242 6.9801 18.762 13.973
243 6.8026 18.167 13.147
244 7.0288 17.519 13.122
245 8.274 17.375 12.505
246 7.0826 17.46 13.725
247 9.0795 17.354 12.356
248 7.6718 18.284 13.731
249 8.5653 18.657 13.191
250 7.3455 18.302 13.349
251 7.4036 17.862 14.505
252 7.8927 17.554 12.743
253 7.2546 17.766 13.989
254 7.6976 18.125 12.87
255 9.4935 17.017 12.51
256 7.6896 16.971 14.563
257 8.4257 18.017 14.597
258 7.7282 16.633 13.66
259 8.9717 17.783 13.04
260 8.7956 18.103 11.93
261 8.3303 17.638 12.558
262 8.6416 18.789 13.18
263 7.936 17.219 14.412
264 8.7469 16.806 13.395
265 7.0697 18.459 13.828
266 8.9886 17.701 13.527
267 8.2974 17.679 13.099
268 8.8642 18.965 12.5
269 8.617 18.518 13.442
270 8.1142 19.427 12.334
271 7.5937 18.88 13.123
272 6.9349 18.907 12.621
273 7.0991 19.734 13.07
274 7.9365 20.558 12.27
275 8.2933 20.401 12.187
276 6.8488 19.988 14.002
277 7.1591 20.742 14.217
278 6.7197 19.599 13.669
279 5.8667 19.745 14.774
280 5.9223 19.584 13.787
281 6.6393 19.942 13.373
282 6.375 21.55 13.199
283 6.6208 20.27 13.753
284 6.9368 20.191 13.993
285 6.6451 20.99 15.977
286 5.4588 20.98 14.795
287 4.7935 19.918 14.831
288 5.2992 20.303 15.421
289 5.7877 21.142 16.019
290 6.054 21.346 15.833
291 5.5565 20.048 16.993
292 5.4531 19.061 17.67
293 4.954 19.996 17.111
294 4.6236 18.717 17.607
295 5.1871 18.34 15.922
296 5.9877 19.771 17.129
297 6.6411 18.771 17.824
298 6.8152 17.899 17.359
299 5.8826 17.674 17.584
300 4.7467 16.915 17.451
301 4.761 18.208 17.052
302 6.0071 17.494 18.55
303 5.4569 16.724 18.62
304 7.0699 18.363 18.102
305 6.9216 16.633 18.029
306 6.5881 15.963 18.655
307 6.4537 16.41 17.885
308 6.615 16.635 17.505
309 6.0354 16.452 18.501
310 7.5796 15.616 17.952
311 7.0002 16.462 18.525
312 7.7842 15.033 18.365
313 6.1013 15.855 19.304
314 7.6096 15.849 19.246
315 6.1978 16.162 17.339
316 6.3882 16.09 17.408
317 7.4938 16.417 17.411
318 7.4668 15.862 17.929
319 7.4374 16.428 17.506
320 7.8053 14.573 17.962
321 7.0843 14.469 16.745
322 7.9775 15.833 18.01
323 8.3188 15.021 16.65
324 7.8608 16.384 17.237
325 8.8403 17.26 16.242
326 7.6472 15.916 16.494
327 7.1621 16.311 17.888
328 6.6397 15.77 17.809
329 7.4171 16.056 15.908
330 8.4117 17.04 16.016
331 8.6739 17.906 15.567
332 8.232 16.838 15.715
333 7.2668 17.148 16.036
334 7.9869 16.708 17.933
335 6.8746 17.138 16.559
336 7.0977 17.429 15.767
337 8.5549 18.318 16.477
338 6.8787 17.434 15.931
339 7.7294 19.047 16.784
340 8.1375 19.1 17.626
341 6.8632 18.859 17.674
342 5.9415 17.621 17.97
343 7.7101 18.459 17.268
344 7.9985 18.797 15.942
345 6.6309 18.844 16.813
346 8.0019 18.099 16.927
347 6.2932 17.77 18.582
348 6.0464 18.676 18.418
349 6.2068 18.046 18.333
350 7.078 16.498 16.897
351 6.6802 17.764 17.752
352 6.4508 18.082 17.487
353 7.8082 17.849 18.093
354 7.4386 16.992 18.179
355 6.3514 17.032 19.666
356 6.8963 16.251 19.729
357 7.8883 16.488 19.301
358 8.2888 16.182 18.507
359 6.9842 16.526 18.316
360 8.5196 15.816 17.926
361 7.7301 14.811 18.433
362 7.4285 15.595 19.489
363 8.4116 15.111 19.144
364 7.8541 14.401 17.754
365 7.692 13.338 18.344
